time,x,y,z,phi,theta,psi,x_velocity,y_velocity,z_velocity,phi_velocity,theta_velocity,psi_velocity,rotor_speed1,rotor_speed2,rotor_speed3,rotor_speed4
0.06,-1.6826328841642613e-07,2.979113554302263e-07,9.998961347050818,0.0003355449365063379,0.0002102933911922733,0.0,-1.4885295873084446e-05,2.5222565255813134e-05,-0.03462211340770573,0.014921403346095517,0.00972616334456728,0.0,391.5980651229934,392.50160990140097,390.9960880204558,392.3835540940709
0.12000000000000001,-8.273429705468585e-06,1.278810174057437e-05,10.001316794423225,0.001020888118518748,0.0009684076121452279,0.0,-0.0003290731409741161,0.00047855624667172633,0.11313371282119886,0.003300432261656661,0.017897772537915,0.0,451.4666575230193,452.12534121528034,452.2635250390935,451.3267393502216
0.18,-5.706021710007914e-05,6.980169003345354e-05,10.015319757672604,0.002298343950029924,0.0020522609220670063,0.0,-0.001429604959282764,0.0015291415861580274,0.353587424971011,0.0436817654340839,0.018395038881673077,0.0,478.8509877003036,478.888717556604,478.4538944309434,481.5179633422244
0.23999999999999996,-0.0001981709247344551,0.00023080395208327232,10.04343526058943,0.005505565917157895,0.003036904234992477,0.0,-0.003400887718831601,0.004196673907439857,0.5835051093074566,0.06804517567218218,0.012113472525672258,0.0,477.0218742172785,476.5419258746607,475.3006616052662,477.16548286663505
0.3,-0.00047270500106019086,0.0006222888402784034,10.083036305753687,0.009906350286649435,0.0034729812628633283,0.0,-0.005816467890883163,0.00932005977115742,0.7364397171491525,0.08225980525796528,-0.004810278126316867,0.0,454.8587394668607,453.5015145752104,452.7793267356962,453.92531018225776
0.36000000000000004,-0.0009017068074527857,0.001434478164220338,10.132951190559147,0.01474887869212349,0.0032242922862382173,0.0,-0.008452151436786494,0.01831610362234088,0.9272477621583993,0.07741306789871608,-0.0028459705591814617,0.0,464.58780355018206,464.74185015387826,466.3514426617507,465.9776785307765
0.4200000000000001,-0.0015014316099778383,0.002988345439401894,10.199953494950302,0.02028807042487113,0.0029551597289989573,0.0,-0.011506364622740711,0.034217611048156855,1.3057969434088015,0.11209428112223703,-0.007984981066943423,0.0,518.315542483598,517.9543829946474,518.090890638345,520.5287085387101
0.48000000000000015,-0.0022535027224847063,0.005505205794244811,10.28218365597997,0.026818117865869517,0.0023596614155714235,0.0,-0.013505431982142707,0.05038013061841561,1.4350387277811825,0.10135983718129117,-0.014118465664049142,0.0,449.0790213975055,448.581403813243,447.2630154986382,446.39831593685415
0.5400000000000001,-0.0031189358156792054,0.009228107825466752,10.375676749290948,0.03286375677979869,0.0012362382714270481,0.0,-0.015222420472719976,0.07445683538639003,1.6810468645208232,0.09953551054524797,-0.030048018197112756,0.0,483.37178546395756,482.1700143136302,483.4606693821505,483.3310848945414
0.6000000000000002,-0.004053781763964337,0.014495775848105606,10.482434028923526,0.038710902054752694,6.282816702593351,0.0,-0.0157415384269754,0.10180894751224,1.8772026736418408,0.09292554797602111,-0.020851752198537677,0.0,469.21508884722374,469.92829599734165,469.19260371938793,468.68675962085877
0.6600000000000003,-0.004985492583731349,0.021444922789431255,10.598551069642431,0.044171555931776574,6.281359592923863,0.0,-0.015175339127392969,0.13039738714036758,1.9931446889954443,0.0868799111953676,-0.03222985984208286,0.0,445.8894904543457,444.9589486573655,445.8925625735982,445.4053437671079
0.7200000000000003,-0.00584175179504375,0.030391493158701207,10.725333798001467,0.04964574073145922,6.279017130493015,0.0,-0.013112213701794113,0.1684579722752155,2.2324762858166944,0.0987663767355661,-0.05833986570763952,0.0,484.06867091601697,482.09919463713004,482.5181697682089,483.42083242965975
0.7800000000000004,-0.006544635013701135,0.04138436552003923,10.859058262012706,0.0557358432943067,6.2757555428350145,0.0,-0.010026615475778766,0.1984888490772555,2.224988563706304,0.10647321593588606,-0.047399924545214245,0.0,407.0246721461945,408.0002372719087,405.5686540277301,406.2701993746912
0.8400000000000004,-0.006953418203452742,0.05467257657060136,10.99909257736223,0.06257350567074127,6.272568191356374,0.0,-0.0032468904731099758,0.2452182899944239,2.4423283002503986,0.1258092676787288,-0.06815065044035433,0.0,479.3377845338247,477.7565582802271,476.0679613919404,477.5555166928885
0.9000000000000005,-0.006879042303051806,0.0708982898947965,11.15158685889302,0.070459619167349,6.268266435371359,0.0,0.006209260411914309,0.2965102274892492,2.640305242030635,0.1408030088834199,-0.07994055847188321,0.0,473.48981265549065,472.57826422874405,472.4296193008481,473.5988304526428
0.9600000000000005,-0.006150661051237356,0.0903096005446944,11.31481470644109,0.07913272454050357,6.2636641183494515,0.0,0.018585345691447666,0.3514535651743016,2.8001552815599964,0.1511490321532139,-0.07091684905302079,0.0,462.00964559771523,462.7161128685823,462.6362304213915,463.46863184097873
1.0200000000000005,-0.004531450248287099,0.11339941121077736,11.489903820503597,0.08803539036579533,6.2593420564600315,0.0,0.035900571404917314,0.41925200680158253,3.035435895939143,0.14217080692398643,-0.07436736358524822,0.0,486.05843613854074,485.79625439013347,486.2485185801056,485.59402951915814
1.0800000000000005,-0.0018157440100563453,0.14059168676656378,11.677053943830467,0.09664812072465345,6.255044022692168,0.0,0.055102650615439744,0.4880707711432207,3.202328309911334,0.14615919623163498,-0.06666423924311699,0.0,467.2263694795377,467.8228580341007,466.8690568365501,467.1982638468449
1.1400000000000006,0.0021475505680217132,0.17210816340741883,11.874188563474931,0.10566683645839703,6.25137955387852,0.0,0.07742079310414615,0.5634203798013083,3.3682127166563305,0.15753044036682057,-0.05175247684001246,0.0,467.9685751771635,469.12536476435565,467.33594716853304,468.2413639603944
1.2000000000000006,0.007443619069145091,0.20806662633270617,12.07860930764378,0.11502959284254644,6.248540681491004,0.0,0.09939999569152352,0.6360909904532333,3.4454403436947842,0.15290246118406747,-0.03965992970065491,0.0,441.74444415033753,442.7391225547477,442.164261353632,441.80599915184894
1.2600000000000007,0.014151608155543801,0.24869846428162834,12.288731969874917,0.1241709612079287,6.245751765450223,0.0,0.12445040806761554,0.719204927771728,3.5581430043218147,0.15124191796563347,-0.06582528263651205,0.0,455.79827820050184,453.7008449454437,453.3973035600164,453.28525037470655
1.3200000000000007,0.022413612762329633,0.29446228533780144,12.505226474793865,0.13357941674462115,6.241292803718558,0.0,0.15135631966434102,0.8071472441544395,3.657843198067019,0.16608908997581373,-0.10247799158640421,0.0,452.6408625193737,449.6765019388417,450.39739239731193,451.6193361279173
1.3800000000000008,0.032328001330311815,0.3454996980075263,12.726210404442266,0.14401822684034382,6.234719621375319,0.0,0.17971523462652367,0.8950298301058861,3.7079137220791685,0.18632897692304323,-0.12999765109591338,0.0,437.8498016284744,435.5427614293974,435.26519067869214,436.9851699357809
1.4400000000000008,0.044138961182809015,0.40219423418929273,12.951403907343575,0.15518387251947452,6.22747098442869,0.0,0.21472491941006877,0.9958453026832903,3.797967966720525,0.1856208915192786,-0.10689837285750893,0.0,448.9087905864849,450.7660497895292,450.20864106400836,450.1844673094093
1.5000000000000009,0.05845209200027466,0.4658682426314189,13.186411976660407,0.16612834725055592,6.22089130668763,0.0,0.2631298916284842,1.127812685199579,4.034470915470458,0.17506393393391367,-0.11584959969321686,0.0,495.81270515339565,495.1452872212862,495.1214467794657,494.37253377600655
1.560000000000001,0.0753339175841342,0.5364034951625706,13.427763856292485,0.17708444439631155,6.213734596113731,0.0,0.3001951939923571,1.224246182504526,4.010401566812761,0.19450690348776295,-0.12720311171927848,0.0,416.0959592669532,415.0867238384349,416.2403070045112,417.9727623045859
1.620000000000001,0.09483585424000254,0.6135912075192004,13.67139124330562,0.1888134474839891,6.205669807017504,0.0,0.350641038472059,1.349762328269945,4.109768199069387,0.19736512646339857,-0.15547101658800172,0.0,458.8628350445613,456.59631712563476,456.31049809883814,456.5748261253584
1.680000000000001,0.11748115150908035,0.69840558475475,13.920188192832327,0.2006388414494582,6.196164492874573,0.0,0.40510882072404025,1.4784375115007173,4.182766875686177,0.19653461922337281,-0.16508552846478183,0.0,450.93522718465033,450.13427710649063,450.29775633087013,450.2679810894623
1.740000000000001,0.14394999544618084,0.7919895421420846,14.177294089171463,0.21251012280447856,6.187266140194753,0.0,0.47821060919306096,1.6421837387777605,4.386104042786194,0.20036811140307634,-0.12691817754764492,0.0,489.93398889927676,492.7442942286664,491.62732888532804,491.9454372575168
1.8000000000000012,0.17475852841732537,0.8951245249501829,14.444002056913968,0.22481657511391173,6.180911984323274,0.0,0.5494031983299001,1.7967447096849913,4.5031642706404895,0.21319955141367256,-0.0812662864694769,0.0,465.4578151806592,469.006789531771,469.0474745619471,470.0816646834184
1.8600000000000012,0.2098035383021918,1.0074335538106305,14.716123159547488,0.23745234011997507,6.17630364349742,0.0,0.6191820761234025,1.9479777481269858,4.566745466929992,0.20481299326710714,-0.0691189313020536,0.0,452.6104731054828,453.58256811713574,454.7629113700581,454.1331360921333
1.9200000000000013,0.24902106618839986,1.128827311539855,14.99105860468618,0.2502000682377261,6.172383137183161,0.0,0.6884077614464295,2.099510017774679,4.597102297055911,0.22450531227165996,-0.058696156304302624,0.0,444.8613940722585,445.71096232142355,443.4471707616459,445.1060760356259
1.9800000000000013,0.29256004739347685,1.259758974889858,15.268574689209206,0.2633641644991984,6.168953954830506,0.0,0.7631738615009451,2.265985464797852,4.652580321465233,0.2065211839569865,-0.05423396650833634,0.0,454.7542974405937,455.1094700678475,454.6100499729435,453.21276935217935
2.0400000000000014,0.3410284966476956,1.4017794363273444,15.552500940118506,0.27584558233248657,6.165992623754725,0.0,0.8526722655412593,2.4690868320093964,4.810227846612974,0.2108661175109609,-0.04105010168741616,0.0,487.2185015461168,488.20199029894206,487.91404277207414,488.27665478103967
2.1000000000000014,0.39457684134376897,1.5554323566563104,15.84291525902785,0.2881630241653239,6.16319456175504,0.0,0.9324538042846647,2.6536608841815226,4.869298533420386,0.19081129166360508,-0.061172839825427254,0.0,460.55057660790857,458.9546493914438,461.6839106382057,460.13800942441765
2.1600000000000015,0.4526904331209609,1.719719166442994,16.134575151249265,0.2996570501908531,6.159395865910884,0.0,1.004957609199974,2.8234014468987767,4.852130434465166,0.1930351097799168,-0.0679722319238141,0.0,437.585538656671,437.01605146839796,437.3725808035618,437.59415922143626
2.2200000000000015,0.5156691731658579,1.8954361433265456,16.42854806963865,0.3115044307202064,6.155275452726446,0.0,1.0946515722024366,3.034685758013525,4.9457318463048665,0.20507706951525392,-0.07011367613800389,0.0,474.84208142080314,474.6745155383204,474.02612542411055,474.9859733997411
2.2800000000000016,0.5839000965751818,2.0835434935452897,16.726457204810792,0.324403995816791,6.151023348103392,0.0,1.180034511599889,3.2364603109422134,4.983552243382611,0.22972976693894345,-0.07242143521964808,0.0,459.5997714305455,459.41312643198563,458.65565017605974,460.65296209772333
2.3400000000000016,0.6574122725086784,2.284169363060252,17.027080322081478,0.33839606668893296,6.146431107771711,0.0,1.2707043140708574,3.452055167146368,5.035995638139256,0.23935865519885746,-0.08638954884407499,0.0,467.2003939042831,466.1054368904052,466.1631425825121,466.96626846130346
2.4000000000000017,0.7368311520820918,2.498882214284498,17.33327840613666,0.3526071276949949,6.14136433215657,0.0,1.376981088324237,3.706032268181714,5.1687791107335475,0.23130618213336182,-0.08082055518192352,0.0,494.04334484050435,494.4487927691949,494.8417668240454,494.29821834588597
2.4600000000000017,0.8219842357562668,2.72729161352016,17.64239439757975,0.3665238431258988,6.136883232808255,0.0,1.4617914768371596,3.908514880672791,5.13425450827554,0.2331913093552975,-0.06460997293637753,0.0,443.63587626498014,444.9607436884289,444.4547652281453,444.6627933848186
2.520000000000002,0.9122431847427867,2.9679223203029648,17.94898793084316,0.38072682759270116,6.132770033275797,0.0,1.5471128046828364,4.1133977819094465,5.08473682801465,0.2429584876847005,-0.07790933864098244,0.0,441.02963925427,439.9258776103585,441.5380694413786,442.3993675806479
2.580000000000002,1.0080487541980134,3.221930550207028,18.254685041317078,0.3958730199622016,6.128340566476325,0.0,1.6467024936890546,4.354448271084553,5.1038109731921315,0.26667248109540426,-0.06670502112651726,0.0,465.81855903836254,466.6900800550344,465.35619686356335,467.2689861168414
2.640000000000002,1.1096466872149817,3.4900023438415,18.559851436835004,0.41189380150810884,6.124458578010206,0.0,1.7401358838482393,4.582241023761316,5.067301101306347,0.26768404416586933,-0.06096572681548721,0.0,450.4436535305849,450.9046332615733,450.69511599318395,450.84769052301834
2.700000000000002,1.2165316764375977,3.771020896672205,18.860528808272992,0.42827992156943306,6.121398094201421,0.0,1.822906017296646,4.78600006900216,4.954634954296721,0.28216726512479245,-0.03620720027515233,0.0,426.0981889652131,428.20812754360537,424.89443323123754,426.21318031814445
2.760000000000002,1.3288987043310423,4.065691980799112,19.1569870679003,0.4453854923554088,6.119145274691654,0.0,1.9227130594731368,5.0373278078007795,4.925977285266779,0.29036992412496254,-0.04037033986600318,0.0,457.3065458656074,456.974103110629,458.0550732502038,458.7866348051672
2.820000000000002,1.4471500900598289,4.375334036433461,19.450826737296318,0.46244542514969744,6.116764013592846,0.0,2.0190740797789077,5.28500356824407,4.867460561154938,0.2681949944824065,-0.038356519833149805,0.0,450.4105010182044,450.5726061920885,451.48199902127476,449.7689957571505
2.880000000000002,1.5708238762600704,4.699019173593802,19.738931883729915,0.4782112364112088,6.1143261686437,0.0,2.103501213602081,5.505325434051509,4.735360814720761,0.24879245335593908,-0.04561719944493,0.0,427.5095172398589,426.88928497910786,426.9835681940431,425.39695381224715
2.940000000000002,1.700229320905555,5.037815220293662,20.02229512816138,0.4925984090655513,6.111484732883987,0.0,2.210075820074359,5.788457615206333,4.708604831192895,0.20787910724770858,-0.051085372865027005,0.0,465.85623887156834,465.42711427863685,468.60540263922945,465.46583664491385
3.000000000000002,1.835746298292834,5.392886159870472,20.302259703182337,0.5049071478031069,6.108404565058716,0.0,2.3072788574533942,6.047651428608551,4.6225763001295865,0.19903749431345946,-0.05184223580345319,0.0,448.3282974122925,448.26511956264983,449.3855597701917,448.70890072640015
3.0600000000000023,1.9771317144069096,5.763620422910158,20.576927330147978,0.5175689686459854,6.105710867048071,0.0,2.4056631433308606,6.310521628274002,4.532023409861826,0.2279943893817571,-0.03373614484046078,0.0,448.67807846125515,450.14484890283325,448.1895725779009,450.57987141153365
3.1200000000000023,2.1253736640179346,6.152810012972736,20.850500938201975,0.5317173605119407,6.103753720769966,0.0,2.535586279352431,6.662641785536883,4.584844661015583,0.24805169735288568,-0.03047410959029414,0.0,502.1877550152035,502.424103528215,500.0551538524989,501.56251956205375
3.1800000000000024,2.280145190568052,6.559708791071849,21.12094327830185,0.5468287352673142,6.101575185009054,0.0,2.62350825480715,6.901199630945311,4.429146602612661,0.25853453966281703,-0.05174583909756232,0.0,433.92656734589684,432.13584622793655,432.00382576971,432.952476599956
3.2400000000000024,2.441132144088387,6.983654118560032,21.38616844705263,0.5620952231210481,6.098057009467098,0.0,2.742722117011747,7.230537326622197,4.409685014907991,0.24467449160822693,-0.07827369614766043,0.0,486.5097626003019,484.5165726008349,484.2970034306107,483.31214920658647
3.3000000000000025,2.6092231980353344,7.4272264045868255,21.649557346578433,0.5767473219528796,6.093258147107003,0.0,2.860450845438406,7.555296232677378,4.368037206640727,0.2432408182433508,-0.08363286710527808,0.0,480.9291455125694,480.51831166367964,482.4834093189284,482.4296353562317
3.3600000000000025,2.783779170630285,7.888521590487119,21.907348248032573,0.5916020064181353,6.089134960732746,0.0,2.9582534102735516,7.821477906232431,4.223886230685355,0.25506987280101956,-0.04893761862755541,0.0,446.37549131144215,449.1948293615398,448.63643607456095,449.6566384619995
3.4200000000000026,2.964129841111097,8.365570113682683,22.155861352322475,0.6072100216694754,6.086637867670159,0.0,3.053467736536515,8.080455399153145,4.0588760905368275,0.2686940040938829,-0.029978459352140704,0.0,441.7221455962396,443.28239636787475,443.44976565329347,444.6357095540951
3.4800000000000026,3.1506464603808624,8.859527700104255,22.396135382261672,0.62319563338015,6.08584445884695,0.0,3.1635580721778873,8.38493309024988,3.9486654105925676,0.26146849159828744,0.008162342452406256,0.0,464.9470485504314,467.92668015779986,468.0029897379006,467.50773685545516
3.5400000000000027,3.342849483374421,9.369236679764743,22.625967385642216,0.6387979916728099,6.086330953553016,0.0,3.2430948248071396,8.605803665339538,3.7119609290293596,0.25702284338480474,0.007999828441865593,0.0,419.783002469855,419.76878021329077,421.6166868143255,421.30435258081656
3.6000000000000028,3.539992065108026,9.892856224846938,22.842276182392027,0.653800803129676,6.087027405363273,0.0,3.3281436039116516,8.848462554708467,3.497658275684148,0.23008667263425475,0.017991005587321626,0.0,431.3234413330413,432.1666262521655,432.0401593265769,429.82615892630804
3.660000000000003,3.7430382071397843,10.433666877849477,23.048951675811566,0.6680356412306363,6.088377836379596,0.0,3.4395978316058096,9.178318521053004,3.389917353624759,0.24866680155804066,0.030280194340033192,0.0,475.33413525646836,476.2752926281887,474.9390611168542,476.41408137823515
3.720000000000003,3.952732625048099,10.994411615181715,23.249071529410053,0.6837107722697926,6.090489229000525,0.0,3.549658773756827,9.512931611620616,3.2789811852044184,0.27880782262274656,0.04354179351041326,0.0,478.33735148141926,479.34697914155413,477.54548459615523,479.901916127395
3.780000000000003,4.168345091847344,11.573339831495254,23.43991681869482,0.7000323186784057,6.093349868508003,0.0,3.6369825233055475,9.784754891911367,3.0814405657073993,0.25291442739040154,0.054875472402657555,0.0,447.76956358251505,448.69233435531373,450.58384184200276,448.5578006883065
3.840000000000003,4.3890059547589795,12.168252628080776,23.61830767404089,0.7149041916752426,6.09721059016514,0.0,3.7179194860755045,10.04569994389789,2.8641159865304475,0.23516417053873484,0.07859090679582167,0.0,441.39541293478624,443.351968600356,445.1581603530122,443.763910794827
3.900000000000003,4.615421133462869,12.782327997908556,23.787519805361654,0.7297002041645939,6.102392537291616,0.0,3.8282974171348125,10.422802103875565,2.774231123832783,0.26298410884097156,0.09857779774089968,0.0,496.5995279774146,498.06912868547886,496.1445266669184,498.23638996031247
3.960000000000003,4.847752665767438,13.417033959394168,23.948846174382673,0.745191586519276,6.108073956156783,0.0,3.9152840299789893,10.733757412294713,2.601913220503685,0.24630788298457995,0.08549563617916021,0.0,470.55299028246725,469.5457697350902,470.4336541185459,469.20287019037556
4.020000000000002,5.0851271632638655,14.070251968416935,24.099475242390305,0.7605314893003339,6.113170715885291,0.0,3.9964771703257878,11.03978914428971,2.417744898766168,0.26976148349806234,0.08382416843906151,0.0,469.3890215502493,469.26473339684674,467.3606562950583,469.24704115845435
4.080000000000001,5.327276632131029,14.741951732783757,24.23898829810908,0.7769736004968326,6.118139621575798,0.0,4.07443839186742,11.34976364211195,2.2312046802588306,0.2814297710733899,0.08071786567924089,0.0,472.1161016862665,471.8814018407411,470.93695993752806,471.9099572105381
4.14,5.573343593277744,15.429557161564857,24.36437626382467,0.7934915816798824,6.123673925511149,0.0,4.127324527122715,11.570479690957635,1.9478799690574262,0.25881192378778795,0.10872807952675374,0.0,432.46149722467374,434.82263182388294,433.2161514539169,431.3875534137592
4.199999999999998,5.822557803117983,16.13075240259603,24.473001892221856,0.8090827303846666,6.130519991745167,0.0,4.179226434250517,11.802629537055408,1.6724657005667039,0.26185205475026735,0.12311376332859904,0.0,437.7236419283551,438.9314143508844,437.744364186167,438.06641393555776
4.259999999999997,6.074783966609501,16.845961481887105,24.565093987476995,0.8253393316728816,6.137442610778395,0.0,4.2276748477490855,12.037550108388155,1.396688430558786,0.2847292755165308,0.09169787157267952,0.0,440.2727585844419,437.67605512302197,439.2529098790959,441.22089714612844
4.319999999999996,6.329849821285027,17.57550665555709,24.64075742285457,0.8431546933662037,6.142797168681579,0.0,4.273964069895101,12.280362845566799,1.1245584550730614,0.3140806714559803,0.08381846215532861,0.0,443.2261273529698,442.5844074664499,442.94028215074945,445.4368331846972
4.379999999999995,6.587598632852189,18.319653837105726,24.699983382162173,0.8627235358655607,6.147420158142063,0.0,4.317126513060346,12.524211045176052,0.8485578350766879,0.3431732996362419,0.057943036989754074,0.0,445.66176351204876,443.5451940810759,443.77717429509755,446.26699212151584
4.439999999999993,6.848400496835832,19.081527546413774,24.74510902329968,0.8837813790154669,6.1503840987000125,0.0,4.375583598866644,12.870445576122128,0.6532080917015539,0.3631722271508804,0.020857280311476243,0.0,488.71540849670356,485.9431933278455,485.7624469852879,487.3747477316407
4.499999999999992,7.112695291398155,19.86457787926704,24.778536236980806,0.9050290624773245,6.151702920641965,0.0,4.433694911601296,13.229805029074633,0.45829650223167734,0.3219881458419035,0.024136705474680074,0.0,494.93073513058914,495.1721110328504,496.2246471354397,493.3032852382008
4.559999999999991,7.379779206877794,20.66537920339684,24.79700566402843,0.9243871651494917,6.153020243389879,0.0,4.468797819577717,13.462905484286567,0.156221010925696,0.3238949977604887,0.017191193664496007,0.0,450.0321892130882,449.469352561927,450.9940790942431,451.2530115899232
4.6199999999999894,7.648973713811267,21.480420932705197,24.79741840314574,0.9436968838895421,6.153519134036284,0.0,4.504054591595175,13.704296318643765,-0.1437153741562321,0.3173512141512596,-0.022698632196994948,0.0,456.46994809323337,453.27377078566315,456.5025496228448,456.08286216343635
4.679999999999988,7.920104351260703,22.30895425135178,24.77900174791455,0.9627675607122148,6.152264366307849,0.0,4.53351247264953,13.912711171604318,-0.47112556117835225,0.31881098283984466,-0.01756137401832418,0.0,445.2637399866051,445.68406628154196,444.6976484663084,444.92048975398103
4.739999999999987,8.193630377149463,23.153913999893533,24.743569124840576,0.9815560903371425,6.1512419717126985,0.0,4.583679723460422,14.250644619287483,-0.712220982670386,0.2983535648662876,-0.01601691322890312,0.0,494.6401476466776,494.75404491357097,495.9939359645408,494.577076688722
4.799999999999986,8.469384035733494,24.014274914753717,24.69026303287509,0.9998644671571091,6.150035764277099,0.0,4.607998002905893,14.427341241784308,-1.065255301162663,0.31606622865120176,-0.029876410965865206,0.0,440.68385483639,439.5360415570745,440.6633863439126,442.2209737046722
4.859999999999984,8.746942331851407,24.88738628809949,24.617110999213214,1.0187044194938482,6.1480240958164725,0.0,4.643754171667047,14.674871860540824,-1.3745653214433304,0.30951983857164966,-0.04206743266639097,0.0,469.1831029554,468.23470089443197,469.74550759083786,469.3322493652118
4.919999999999983,9.026706371432972,25.775642259236452,24.52548760013186,1.0368482479706458,6.145202693364512,0.0,4.681540221183947,14.931912456912354,-1.6810405125114467,0.2817929664022875,-0.05944914166441745,0.0,476.9788327749649,475.64754149231294,477.05280858886084,475.01521425896595
4.979999999999982,9.30830890765966,26.676499915731,24.413745921846857,1.0533043878922026,6.141739571881342,0.0,4.705197068563676,15.095693825087645,-2.044166958401684,0.25174250860162534,-0.05446611394212185,0.0,446.5306951045964,446.9349846706068,448.19592496596493,445.81977351079604
5.0399999999999805,9.591488226122312,27.587963680662803,24.280687985312323,1.0682095149695492,6.138372951201918,0.0,4.734057647628027,15.28514397398301,-2.391631975715335,0.2407865277479695,-0.059618652016038595,0.0,458.32541997134393,457.9134296499538,459.50217294878826,458.69185967236695
